"D1_pre"	"D2_pre"	"D1_post"	"D2_post"	"D1_follow"	"D2_follow"
33.5916040281904	34.2470052349833	28.41898414452	30.087579055202	30.2147055181499	30.7185627973818
40.3398427269428	39.5571779251977	33.5794321168008	33.7328855457552	36.5428078520853	37.0343948313648
39.7314129126428	40.1626624867017	35.2460235996311	34.245919761022	27.8105336593928	28.2823134030318
36.4472353139622	36.0145973741031	29.2177583125535	31.0903014710502	34.1234235863769	32.8670054218566
30.25821276651	32.6716041701837	22.8735697763221	24.380727532096	27.6150406785248	25.7585331002401
34.5525806960565	34.4630710436113	29.3964448280396	28.7015570626677	27.2034017913453	28.0758696771741
31.5041658483723	31.7411431302477	26.5318329641732	26.0545062180759	24.0750308778668	23.8038310220685
39.6465167066921	39.4204589251959	39.8200133539094	38.5210335211418	43.1185908244555	43.2659325097566
34.5304312945011	33.2474212039927	32.9030944041494	33.1499693402545	36.269383178353	38.3965219891998
33.1243151750828	33.1691806595864	25.630702749794	26.6567312047104	28.8625347216147	29.4497009888463
29.1365248745276	29.3252798402017	30.5625797699054	33.7591608495729	32.034611638106	32.7648961799182
33.406768015682	35.9638830567817	25.6732284712799	26.2971400769585	25.4149572257896	25.1890157867427
39.6763670111562	38.0366790360917	33.5591072749406	33.2664477229868	36.1858049302536	36.3429440715705
28.3158733891281	31.8336658993267	28.2204848082484	30.1318664070841	27.4062602969941	24.5144421837125
31.1454232149815	28.6826874580828	24.5298954649118	24.7070228727701	31.5350555935183	32.9227915242395
32.5032756825545	32.2686014978968	26.144988829908	26.4888941454878	30.3760628733537	29.6184289930284
34.1191013156318	34.3114159185097	28.295539420707	26.7002630788685	26.3799607225417	26.8581230255252
34.3504189784808	35.1944253409933	24.7938532525216	23.2950713481286	22.0436295230325	23.2554516926051
27.5577924895871	29.4495832433732	18.6425361378412	19.0459125598659	19.9146657288857	22.3806460209957
36.9319119484076	38.4268557782101	32.8165055968184	32.4169521233289	31.8010378504208	33.8701012677442
35.9044084867306	34.0419710107465	29.6279314141499	26.8666192153664	33.3830088735083	32.3566805409366
35.5565071777672	35.9247062905183	30.0475603774433	28.706550817845	31.1234703461337	32.8046040113413
25.6512519154505	26.0699061009918	17.2529031769583	17.7159572961005	19.0079286676033	18.4354419690458
35.095900266533	34.0409853010229	24.7702616236228	25.460553529176	28.5489017748778	26.2496647453135
38.1139020747508	37.8549464827291	32.7351993245973	32.5475622990727	32.4570959535917	31.6171212516567
28.9192663824096	27.8341752838018	25.8930218319704	27.5093119714595	26.313691761087	27.5235831087828
34.3780975586361	33.3012168818595	24.7440551169211	24.9301362544354	21.7866784448923	22.6029394067646
37.5128591914582	36.6018345680673	31.575179855963	32.6610739161561	37.9168276499516	40.0672152623305
34.2746648995839	31.5247725219476	30.8517829483495	29.5548105197864	32.475991493814	32.7171606613792
32.6175767933899	33.3851618364756	27.6870497276769	27.0354077898259	30.295229161377	30.3289787303004
34.5572581338726	34.6572135679115	30.2024082163714	29.6734653898303	29.5754579779062	31.405119516823
34.3031578493137	35.1038968104611	30.9192098681707	29.6336745325037	34.1708420202673	32.8504362615943
34.5968414792972	34.5911682475109	27.727379172153	26.1543754080011	30.62030403517	31.1828998369644
37.500810203117	39.6623842644891	33.7066756703495	32.4365470734701	40.3615354456838	40.6771036872502
39.0062538909074	39.272963082811	34.331183432329	33.7238422322741	40.1705610488858	40.199874740016
33.3761348596724	33.6621601648767	26.493324037798	23.1001910868193	24.9144174255336	24.3543959869936
35.4528532765195	34.7081605497424	32.7002498209092	34.6795366355411	34.2159971302457	31.76630638449
40.7447334062058	42.3830895444161	35.3422103671577	34.8458317730886	31.554941451792	31.1121264413369
33.5116012956752	33.0941866053325	26.7530107058118	27.1215215430175	30.483193383524	28.6207635706421
38.6712823709577	40.7115435022077	32.5544711691668	31.7943773451871	38.6714247631289	38.5451574270911
32.5367024434792	34.0586098805621	26.5875531797742	26.5552916033585	20.7899274434447	22.5088099864895
30.853987524504	32.2219475774328	32.9286444991822	34.0753087663489	32.5018790657067	33.1075543041943
40.5122192212474	39.6508689450028	34.0735146471598	35.0671040179139	36.7711140067604	35.9738102308613
34.2922623129592	35.2876763922007	29.5430060847866	28.2476933227732	32.2904083799541	31.286191573321
31.9877834610564	33.0991565256457	27.6443034195015	27.5781432152241	27.7903580589522	27.135082143018
27.2443264322354	27.0514140663581	23.0611289375461	23.2229974043963	29.7020341650621	28.2286106148371
31.9092305542218	33.5007165751379	30.6723476125009	30.3211510795325	23.0539916819865	21.3920104904107
30.7977078804215	30.0728738731107	23.5273621489804	22.9709291814189	26.2648394116123	24.7958085933926
34.0012620559412	34.6708274156884	30.5543095279358	30.2427461058754	28.3761210409209	27.8981526999998
39.8136054610926	39.8478200695336	35.5090338457749	35.8067192498716	40.0299228639553	38.5280922846897
31.0251039197544	30.1014259344867	24.6581736806685	27.0630423550209	25.7644889008839	26.7288203512149
36.4015526125258	34.5600011402523	29.6752048526494	31.2997660909427	26.6089604119538	28.3483261524754
36.6156821670979	38.2089136429034	33.1229104155408	31.3969799182006	31.649307438579	32.5943568280624
35.3905121891398	35.5325297696361	28.6983170185095	29.698799561261	28.3216172279103	29.0622458556356
38.9655053583531	37.8013313614083	31.5552559796299	34.534720823102	31.6197408353082	34.4557079433007
33.8883856453437	33.3632280593415	25.1877512901336	26.2815599082183	34.2151053425735	34.9576116507626
27.379788502353	29.8501298977929	25.0783877073359	23.9346990006481	21.8201146567017	23.4661742733402
35.5354889102974	34.1246050554607	32.8567761640089	33.7539003344504	35.6725761598174	35.8672243281403
30.880477291503	31.4009044900025	19.2636809902806	22.0698663282853	26.2444055955779	25.0003886850531
31.4874961495605	30.1115668320945	24.8306170226467	26.5772049775096	29.0757440489102	29.4192416410182
25.5983412200716	28.1138082178811	20.2914964838242	17.18974052355	22.3407913644623	23.8661982900911
31.7314153154877	33.1419779949036	25.0337750342491	23.9510330951514	28.6894085341814	27.3544151191123
33.1684507240613	33.590238758054	24.7767202349522	27.4126774522805	28.3655249932314	30.7820276693408
38.090956151386	37.3167040433298	26.701697607929	28.4932841485187	35.2801694022196	34.1581457564184
39.4864068559838	39.491006715284	31.4613374211839	32.1372994525116	30.5464583643103	29.0689625341719
33.38802569522	36.0571496040097	29.2445357774539	25.8719775573185	28.8496366054913	29.0140386775932
34.1543510505048	35.236137785914	30.7449126027084	27.6494395790256	28.9010551529108	27.9969290156607
38.9312037099872	38.3804816829057	28.6469492950365	28.7141872817768	34.5081963260221	32.7859615169289
34.4271049692152	34.2878866501099	28.6152390734026	28.4552917636736	31.1609618433719	31.6829891437387
38.1802470005544	37.0829866928314	33.1552612473693	32.4557640726487	32.7997828601864	34.2136651667324
35.7238262693006	33.643630978073	32.4550236939121	32.3983339966913	32.4503199341495	32.7666060743007
34.384231373849	35.8989621367365	29.2195174919171	28.3382224711116	30.1530857161692	30.145707372711
34.2339378933799	37.8195586643838	30.8199387869013	30.34810317514	38.7362308077853	39.9297682234558
33.4622337209891	34.2391629005511	24.8003864376516	25.9226394445936	32.0592902495074	32.6802115329457
33.45406442205	30.7428740880429	32.7140987746926	34.2375024015127	35.1320045849285	34.6058929657364
36.6604019523571	36.9428656636796	35.337149343983	34.8255247609808	39.7907936896898	42.2632428423856
32.0587921775393	30.570662931803	23.398685749628	22.8684977925673	26.8198330991727	29.4918281759866
30.4819645655377	30.8879149029493	32.4847246769532	31.5395935734217	26.9600480427282	27.6450404462738
34.7168981843833	36.1097693186206	28.006940051698	28.5059086888612	26.042799559131	24.6753352744294
36.5630584960712	36.9662788716206	29.7076453942425	29.0579440918419	33.3852861166785	32.8925316371788
33.2663813468572	33.5332095208948	27.0140242768102	26.7367914010272	27.2105263228711	27.1297749680656
34.1665153800783	33.0596024461482	31.9457754729144	31.7804824947591	36.0826812947473	37.2430281550618
33.2868167544668	33.5186466422007	30.0369028325788	29.3355098633284	35.1885956050365	34.2556195105313
25.8246870437272	28.090103550143	21.6984141998084	22.4138950207177	25.2112210421372	27.3281603282621
32.5004948597702	32.9199831579389	29.0698920994844	26.8524246060814	29.2567901727178	29.8589138073024
33.2112143721534	33.7924012297219	28.3677312468653	29.368563278223	36.0458534983187	34.8928599689544
29.8138757942956	31.9972837228887	25.8251522895287	25.8770064066244	26.5539609474094	27.4115173250509
35.7407855082754	37.1280800862907	31.3140081063296	29.7472957887736	36.0298368177169	34.9557874417653
34.5291693388829	36.9972912100106	33.4256798638503	32.9458220247541	33.5506058773553	35.2380054084045
30.9356344558862	30.2252129784707	25.0373488934414	26.211332778835	28.3639595105084	25.6578636621854
31.3617817368045	31.6453851719432	29.8307851917475	31.0981003224074	35.0505688690723	35.7623969364655
36.0283192299762	36.6404321064098	29.7643562161689	29.4310221368458	30.2241475405288	31.53531168388
32.9429095633943	31.2018390246093	26.6492094855856	26.7652898528639	34.9893560203596	33.3463465040188
34.4218484282126	35.1078378617281	27.7308495810479	25.6534568260154	26.671346685073	27.1797288838342
40.3161362610549	40.8539932239926	37.1697940132989	37.4280833441983	44.3096703240383	46.0405037832018
30.1303733599284	32.7049416819278	27.5266453750159	28.6779327483028	32.1329768803609	33.7273310065602
32.2125017467861	32.5228204073859	26.0367805485756	26.2507590003778	25.6849938951649	25.5210998483209
28.208368035448	30.6179421519153	26.288733044934	24.8704803507542	26.7569943079259	24.9650516565431
31.1405077606145	34.6280413166779	30.1897890748187	33.3939074767764	38.8674402936957	39.320467735237
31.7159350876797	32.4737453184066	29.3857900966315	30.2482357110322	35.471951470697	35.7573768066445
37.7642910238318	36.356903244044	34.1447377485221	33.4628575994358	38.304145789939	39.1851202041856
35.9964919790725	38.1155893512259	35.8293360817132	39.4956975617826	41.643348593869	41.4686310076772
32.0781814914096	33.8800718302297	29.5230211462411	29.4203876508905	33.1007300955758	34.6257880692587
35.9802187429776	36.2524388997242	29.3739048007666	28.7830645531939	34.5233440215161	32.8852917615171
39.9194595877372	41.5800520846557	34.8546701945586	34.0790119939273	38.6660610104201	39.0007848926043
34.8486169023324	36.7059132720583	27.1957569246517	27.8538197627223	33.0539019338738	36.178114011514
33.3601716064438	33.8506657264413	26.7793610008939	26.012969643722	20.7116785504019	22.4070630737239
36.0150201070679	35.8323112915305	33.3883703940894	34.4467710207728	33.349494027977	33.2283630448445
39.4424356602161	38.1256173956297	34.6893172947132	33.862443447825	40.8725783768408	41.702024079561
41.1057658835417	41.2271101783442	35.7291960067992	34.6167833275091	35.5907543294479	34.3863080108945
32.5426090848637	29.9879669728343	20.1191058290468	21.9164736750035	23.8899095438507	21.5213587462151
35.8907024888954	35.9919152834358	29.1060380200879	27.8948031173739	31.8737890979686	31.8109199507236
32.3854645422378	30.3137070477278	25.8115090721707	26.7010430662036	32.5443519008686	34.3572602255122
38.8984741672011	39.2836738877454	28.7480822190371	30.1392107055485	31.7701794277928	30.193675644748
40.290287936833	39.7841407098828	32.264007509628	34.0980710605731	39.4717279365103	41.2540109442677
35.3926606069957	32.6814050986061	26.8635842750738	26.3174392533468	31.4491174286619	31.5967313593879
33.1568808672672	34.0505427934588	28.4232048148284	30.2843328728473	23.6391973507867	23.527926222586
31.5429333472816	30.9975293266842	27.2794461242564	28.2439170723106	32.2002034066691	32.6404516103788
40.226473704264	40.8508278332724	34.6246432230043	34.3943874330649	39.7148039062525	38.0967166909881
38.3595316786069	35.4769184358533	28.4664113982931	28.4597027997778	34.5788564930903	35.8016399986223
31.7330873080465	29.4226806317624	27.2391475732085	25.3058063739776	25.6729430494146	26.1729252802964
39.4257903725499	39.0852776231746	26.8136159853853	28.1594660200776	28.4560273187809	27.3054067954141
37.3684481634675	37.0679907123602	31.030390378385	31.8312036139531	35.013893613495	38.0513814631781
33.1695441967602	36.40725853021	29.6658048218863	31.3473054141	30.5990800482674	30.4238956312679
33.7539328293749	34.8448188699581	28.517552714764	27.1392280063535	31.856007069742	30.765258946694
32.9292056974234	33.6639799647821	27.2030745946964	28.8432052235838	31.0979028191509	29.7769980846659
35.3393253315076	34.8531501505358	26.5085487259987	26.2860987449483	21.74200213714	20.3760016820846
37.8657207918105	36.0367795324369	35.1778588723007	35.2725214137912	33.4707357052369	35.305858919077
36.981846036694	38.6288885603597	30.9231150985581	33.3220751249055	28.8996132754145	30.741663747084
43.9211639798594	42.8595921332355	39.0629616450575	36.9036463311097	41.1302850548678	40.3013836162882
36.9277652354651	36.2011695201579	29.7264229375396	28.4715303365594	36.8545431302421	35.3721407585843
35.7805236457445	33.5872344438822	28.1316962448465	28.2840836346123	22.7534939366326	21.4810470796452
42.9752245316202	42.9267438646126	37.0158179211891	37.6953912252843	42.989676735489	41.6527146409585
33.4289919314515	33.7577089796465	31.6922127751259	31.4002494333912	32.3072531652031	31.4219315806351
30.8956594075836	29.1963155875946	28.6784990079573	29.573860039082	32.978329616896	30.5266838810894
33.9032791552139	36.8976255450464	30.5624314973651	32.5489177411672	31.6442542228396	31.4306362313563
33.1859422028041	33.6792468261696	29.5991588449737	28.9716794781168	31.5613772861053	32.8966095752773
31.3758641863254	34.054239651864	29.4166407632063	29.0674653946876	31.7380594615165	33.7047312920301
32.263338512567	31.9806133099476	25.1896879307383	24.848281316173	25.7839136910531	26.6755255444727
37.8031728316697	39.6892764399922	30.9413702005427	31.6231697142096	36.4000608499135	35.756014909985
37.5014460101062	37.9169741534663	30.5196480736265	28.1566429011746	32.7247062588622	33.0555858224502
32.1867368322457	33.9789525902352	29.279475998991	27.8596182187267	33.3570600399631	34.7505772974273
35.1929258623759	35.9906173936853	32.2034376030111	33.6701519943251	32.2048443426718	32.4824274670722
41.1861530143257	39.4077088262645	35.4195719397196	31.59657078689	35.0137167351581	33.0692624375107
39.2983936233878	39.7774438260857	32.6337777623541	33.0605227863198	39.0353878945534	40.2104068380551
32.1121664484153	32.0537173645546	29.4752465412155	28.0867032686613	33.5319000388235	35.5131148179482
32.9576148685803	33.7183651392012	31.1364316965963	29.4633192402516	32.0642695312338	31.9670878012249
28.3017969379247	29.4815021395707	20.9945541216541	20.7601623501765	25.7821612760471	24.4185550930245
35.9708031446883	37.980609287652	29.2102678209437	29.1866456606785	35.8827357850487	34.3556513208503
32.0641487315849	32.6031793517591	28.4213629391111	31.4165277653812	27.351459177994	27.0946278261513
40.1177197443179	36.898361763574	33.7160627045832	34.5854612232008	38.2727033417334	38.6154170740896
34.7685923078627	35.4519762890288	28.4464408969305	26.3753050319195	27.9005502412101	28.2973272068003
34.0922569792929	33.3853636094148	28.1170211864518	28.2566250762203	33.0489710348409	34.2849923443589
36.3852844713001	36.1703496966065	31.6070544714753	33.8912209429836	35.2152144189786	37.8812670799042
36.7490246373072	37.2418130719523	27.8235549326203	30.1852579616476	29.8816891229707	28.1697721572557
36.760595674955	37.4196765739274	31.9627773980843	32.8936503489389	30.9614424091624	29.3778158120425
39.5875702735031	38.4558031139905	37.5784142230689	37.4432422189843	37.8348842858441	36.2754507508196
30.6105270804491	32.3414251860868	29.7470508024748	28.972811305875	29.7564181215257	29.1155577663493
35.6830684330994	34.9855454261065	30.5762728023473	32.6075628242219	31.5651548798186	29.7465501904876
32.3120677198828	30.0832858465353	24.6847160051771	23.0525549855279	26.883303137597	24.1278893376631
31.3758020684083	31.2598226964686	27.2193480904673	29.560677279335	31.4292630124797	30.3903048064228
36.2350265931118	36.4896315874822	29.3516228215651	29.1254829752664	26.6741908607635	26.7606849725472
32.8854974187248	32.0941222912575	31.5413203405529	33.6083543602871	34.7245898826561	36.3411082186303
32.8042135231775	35.2529252123134	28.3852530608229	29.6512602906783	33.1170840030146	30.4762860323995
32.4148519777667	32.2270951086297	29.2924352635225	27.8755356617896	27.3931970716417	26.7921740602338
36.6339630390706	36.0661539481346	31.562692526032	27.8929070732777	27.9248843244139	28.3583385563474
34.6481987562522	32.6108238758433	30.3762368525482	33.1560370889222	35.8826739732681	35.2568893732091
38.5997085411457	38.0228161759209	37.3188218777929	37.7532638462874	40.0601021342946	39.6631142225598
32.7567431039677	33.186163931193	27.5171134031345	27.4833162461127	34.9005158724567	33.7957435328082
36.5679550936884	37.625283402723	34.6257627145879	32.8873083415114	33.1209442945989	34.8361618156858
33.1932317845427	32.1297623886411	30.3119869230026	31.9869283040527	36.0885046666087	35.0083715444329
34.340153180597	34.2703071433061	32.626686085638	33.0930670163604	33.0506661404662	32.7720188336093
36.8247300055995	35.3012078176993	36.439622585985	33.6704563914303	35.4040040747607	31.6512383946667
35.7902408031259	36.1355641408825	29.3597427135906	29.1801728663363	33.6763759570392	35.9157857116567
37.5422901254361	37.9080813694831	31.796783060517	31.0243330281783	32.2503317911099	33.7331824415796
34.5350725113756	32.8377566335436	31.757063913741	31.181235459843	30.9445997014476	32.5149872069198
32.4536122434675	34.1591765525499	28.9135961880663	29.0118447372489	30.4089088813844	30.8168104270355
38.7027208758828	38.16500806185	30.2747224325838	31.3323335244901	32.1447301969086	31.0234600359891
33.1077042381946	32.9105145442469	28.1187028258559	29.3095735870067	29.0733465687056	28.1708341829275
29.3013253394265	29.9897741614427	27.7020212978165	26.6583769501976	29.6564402848198	30.3821327682746
31.9835433378378	32.2844345597927	27.8349744517255	29.6695835291912	28.9738377814819	29.2371461770084
38.5332126529977	39.1255118875844	29.9553231442876	31.5636533219176	30.5053281810347	30.7105906258983
30.4943505483062	30.1105131846793	28.1758415664274	28.23987530137	32.5393473697575	31.2082255960845
31.7285282933136	30.7849840648498	27.2873297164587	27.7398782915114	27.1634769393996	25.1957782963269
38.5944467899977	37.5455520512135	36.550401383305	36.941772031592	37.2335371991983	36.4990939904676
44.9866921399672	45.4398643922032	40.7929979657151	41.6200640249087	44.1310640647467	43.7588586425758
31.4226583409804	33.351543073496	29.7307895554671	28.778570038054	26.3644829449732	28.1048553167715
43.1671352093758	42.2930585383415	39.7301733175316	37.0252606716827	38.3482333627122	36.1214154070611
37.1481955392974	38.4882092900998	34.1918018450469	35.1981337428356	32.9595922602556	33.0204506369163
28.9636220757366	28.5647337236656	28.4105690968306	27.7723806106459	27.6815090543337	28.2159325022288
27.5843841087227	29.6751483794506	22.2146968366279	22.0980790562404	22.5265132490835	25.3916063607265
37.9482958318118	36.9891425823988	28.4501202134275	26.2157118228039	25.2604885100588	26.3785078235101
32.2651441548001	31.5799353293878	27.2545909021593	26.4448853488882	26.8967998886584	25.7379359833856
34.2808280359094	35.0787039926169	35.4742623673753	33.1775695362251	37.349595166747	37.6973204171719
33.5663176225943	32.0007423241623	33.6360425186018	32.4723763155258	28.0229880432304	29.7352058851323
37.9924269108411	37.5463287573047	33.3173442162084	31.4696993270494	35.9268669715425	37.8258022954934
28.4121910411374	27.8012166257968	22.6077461117839	23.7809273246285	25.5482805617464	25.9713242687164
34.9970036413689	35.1505826738026	29.9676897414045	32.2018356562883	31.8487602117098	35.3336384397814
40.9623076275169	43.4906252343974	35.1288959196196	35.0102936305443	35.634867928559	37.2057797142434
37.97446191696	35.4520535862369	28.2087153359386	26.0546347461632	29.0874170921759	29.35486083732
28.2833715253801	28.657839168199	18.4433084973382	18.1955957878535	20.0783556570169	20.6005788970154
37.6667392467725	39.3822992430243	32.2194613702498	31.6555467015987	33.238924399276	35.98066126453
28.7938612997597	27.6877635466456	24.6677320667742	22.4507560001796	20.4717238594217	21.212270461962
37.1733528854301	37.0426776668359	33.5915181558611	33.8233358091244	32.7642319396975	32.9903769877868
36.9673369782947	37.2514703811748	29.8127167660378	31.4608287063433	24.1789923139532	26.631780274914
31.0457347001099	30.0506559816956	27.9173615031567	26.7325058200067	24.235295300455	24.5972917980775
34.6955547483298	33.2338779250849	34.0568855399745	33.1442381118682	35.7016495397559	38.099115163496
32.0335016098884	29.0188236183485	30.3300764775512	31.8833569051632	33.251970875229	31.9226635364587
31.0078509969614	33.1067665754382	22.0609317290507	23.111397079395	22.7372847223992	23.6919942164724
31.5857605093551	31.4961764960817	27.160241938223	26.5768580627665	28.2001926677345	27.1678886342052
29.6670036576518	30.3800294140673	25.0201013979491	23.5964382346654	30.155689324412	30.7608772841903
34.4559172291627	34.5147768262457	25.9189779693823	25.7245967973477	30.3157715299344	26.9220897794756
40.0889756576764	41.8668858774913	37.3444566262972	36.5230360520157	34.4273164339753	32.584828506239
32.6102123911505	30.6838098557056	31.5285806274175	27.5460670073869	33.1364968044658	31.8361569460937
37.9628160347746	36.5804060274692	33.4119505800601	33.3780015948096	37.7299910054492	37.4011474913219
35.8552318532565	35.3548234991227	30.0086076736565	30.9659195378034	31.7098248209235	31.3340127599677
42.6897360311629	41.4833795340912	35.6395787542607	37.294542661718	40.8137354788985	40.3213098279099
33.2518744629507	33.2056971159875	29.3776656367544	29.6871824172803	27.9599713992114	28.3623881951332
31.8181594821369	32.9518055540876	28.2004715691011	25.9629948360024	28.3335837458002	26.9012593340643
37.2951762369249	36.8888266075934	30.0265218498922	32.0366895033623	33.3890123888527	32.8240119163453
37.7245446631042	35.1960952652473	28.8333234472285	27.1263910511107	26.8617224973958	24.9269238756201
29.2811181116557	31.9528091296299	26.4417408058198	28.3649568766599	31.1329092063551	33.294153015423
33.5327614368235	33.0494954231787	29.8791960877596	30.1604576952658	37.4669166111536	38.6877446549202
36.4355742640972	36.7353708119611	29.3145681312703	30.3779121496849	36.5289176557445	34.6132301176394
35.6720843267118	33.2226425307167	31.0908203666927	30.5649346630596	28.2543772668173	26.1711829495289
33.5349611030819	34.3574656351539	30.253217026936	29.5418102522734	32.6690871441691	31.0635513413856
33.4539885700338	33.7114219556195	28.4943285896794	26.1442153509357	32.7692439136189	34.0524505387221
39.3278074686683	39.3326450691163	34.8534283743377	34.7185085772463	39.5563256047916	39.6561254319647
36.6207667876184	37.5452175853759	33.4789005155909	32.9241034564321	36.9718629603354	36.3035427268604
36.2331856927149	37.761117366928	30.3132062488763	31.559601950016	34.2167672799538	32.7602745662708
24.9200613741501	27.6730767535883	18.0662626464404	18.3751131511044	18.1625465447934	21.9557837189284
36.0917841228506	35.420396885095	30.4227847750721	28.7879339094527	29.3869645102365	29.8248096327696
34.4363483745973	34.8412135953289	27.7905506315802	26.1715148453628	29.9249953401497	30.9308203923656
36.8607997334101	37.9272329288591	34.9762327245022	34.6700034964925	40.314972516946	42.3269229644517
29.8635229624081	29.6988368906036	26.1699541983214	25.2486855531907	28.4948925774252	25.9778715462638
43.354547165742	41.2308862243566	35.0619242572047	34.4471209636286	38.8842997965108	39.3350748502964
36.9733290346944	36.8304900651509	32.0520127222407	31.131928747424	41.8807444457623	40.3301387663084
33.5857336640995	33.6900702063374	29.3850893368689	30.5168866108046	31.8383957808744	31.7689295348815
35.0377679807038	35.4207802342591	32.4739897516709	30.9614926990702	33.6301452822506	33.0787834027258
35.3559726231631	38.5562637912859	31.1899178933881	33.0587369504316	35.7510285919488	36.0644272102944
36.2139946503611	37.4239392187943	29.8023236848176	31.6037355858405	34.2995344954495	33.2929401393919
38.843605622933	41.5607321152932	31.5549780213527	31.0893042994281	31.484410959061	31.3700371198691
31.0269808774596	32.2806189106976	28.9860500020877	28.8018734113236	34.1363111537298	34.0557533599053
33.79610931625	33.3107579434845	26.4588639622956	28.1975381169211	31.4080167710048	27.2751073251128
31.5621211539537	32.7086323950555	29.2212050558231	27.91123209057	31.0904482713207	33.8898269271572
35.1913384618622	35.5545608958251	31.7295428999773	29.3161150315798	32.5021927667867	32.263124232531
37.3318646504297	37.8803133623676	35.0827160453036	30.7058636653323	32.5784141830512	31.5035207110462
36.3556694184484	38.6582026901007	33.081279332449	33.2162972165959	36.911376524558	38.2882907682329
32.9709291293218	31.8822065726367	26.8997962202842	27.927768162269	28.891437923361	27.4711602858766
34.8104044139096	32.71567891229	32.622941819824	28.8217984911988	32.6323797510167	33.7707164327604
26.798271001485	27.739283473424	25.2241533165781	23.7327326499872	24.1284610476233	26.3174794040151
34.4999136846223	35.6490956426328	28.7716270023588	31.4598859953845	31.3434080620704	31.144287313601
36.2505660860294	34.9671471274011	29.6082463867887	30.0716458859238	34.7598139465944	35.1432227213293
35.7759017412908	37.1824650139218	34.6317888264076	35.5669048644861	32.9852515843838	34.2896285032263
31.0992124787097	29.7441873620226	27.7076496227596	27.5297352188619	30.9439208121427	31.924347406259
35.5874272313539	33.9382666874326	27.4749994577844	28.1176741424468	30.2551478435953	31.3663133392786
37.6528171871029	38.1989926319878	40.2023570940975	39.9901305126625	39.6964206485521	40.1787740756192
38.7467680240773	36.8933411323609	35.9546698754804	33.7822137957635	35.7343941521304	36.7400696054116
31.6546693571301	34.7703564907983	30.9245815547692	31.968584063245	35.4931193770748	35.1083823439179
37.0715907440468	36.2761099640271	27.6450109735744	28.0051611005126	28.1193724023829	29.6869951904916
37.4951161464539	36.5551255673327	27.9675546662269	30.5395885690514	30.8249905450166	30.1268835073769
36.4577290517159	34.2190977151283	33.607411057025	31.3772160114332	30.2496584970373	32.0376410647967
35.7106393834757	37.3210226602729	32.398044511958	33.3509962111693	36.5935012673321	38.2120646074054
35.4925781734396	35.109199754059	30.2487047243261	29.909062715274	31.2202497826685	31.0936142212696
32.6674064348308	34.8627954461821	30.2504467930237	31.8436416161278	33.8440851141036	32.6471218691543
36.1277858677121	35.9463547251439	27.7788293679449	30.810195074755	32.4996246244146	32.7113951956138
34.9841156503776	33.5978627494332	29.7322555076902	29.3436800756305	32.97794618113	31.896746108687
38.2956984299701	36.8670611257535	31.3375952042921	29.9720224602608	34.0953508975975	33.6139680275346
33.0417756569654	33.3715018692193	27.7116190232126	29.5530164704215	26.0883744257018	25.3214485364997
37.5684162707378	37.5228512822141	34.4325438124694	33.9404583421841	37.7875372587122	37.6044813171402
38.7228208632422	37.5525859476649	36.6735657403234	35.4458117831474	39.7092476930614	40.653033743576
37.6876794469461	36.5972554323799	29.036835390025	29.4643339703026	30.5913825342435	28.0142614597815
37.7528198400474	36.1419225901497	33.9767512785843	32.9688070326286	33.7137107280711	35.1033804985818
38.3936427118471	35.384661429554	30.489428044444	31.1949976047798	31.7772615771987	32.1125656271539
35.4512709050345	34.1486968160022	34.2673558368144	32.6694655894852	36.1885095580977	35.1699057844957
31.8581774481154	31.7752047592534	27.5954413823634	29.0228355366893	31.2283337715061	33.5319101133832
39.4031903337766	40.2591524775555	31.9254361173019	34.3636041631033	37.1780202786105	35.2863557777684
35.71526596966	36.7707689214885	28.1873550735751	29.1929735371134	34.7963060778116	34.7081442863582
41.9226517199654	41.7547646997948	36.4673308195768	36.4124284587776	40.7499987645471	40.2717995248369
33.8150710336813	34.0242299680608	27.3023885786582	27.7712910680625	25.7107427649081	27.0228588822403
41.6216540450015	38.6766229247028	35.3182160592523	35.0135099014349	37.0644950358349	36.5906783537786
36.2583921910514	35.7135639173108	32.5823731383911	33.1157706057464	38.2669716810252	40.1596716242631
34.8082622445888	34.8802979693083	32.7715078453891	31.8083893372508	32.796624174211	33.1640072655969
37.0813709645966	36.5218706195205	27.8567117359418	27.6221366933094	26.9782713594799	27.7519149365455
32.6310769894771	32.1773617490131	27.5181691426366	27.1135320260623	29.2896216773687	31.4560004821479
33.9918301914022	32.1486627725127	27.7497864629356	27.2434523933026	29.3951831433549	31.4093685818501
34.445193510803	32.1642424852074	26.7123550470021	26.416466402187	28.8091301967078	26.9706636705461
37.2105201536788	38.8214995557246	32.1812605929537	29.7037999053661	31.7586456637528	29.5484847447504
36.0267976240176	36.7550079927627	28.6203534403449	28.3567959833528	31.7938273174424	32.0290976211563
34.9103451007605	34.2153520671062	25.0202269317478	25.1133317023267	26.7698097277374	26.0283631951524
43.7695600275097	44.3914806634047	40.0577973444598	41.464338882247	44.8360734924881	44.8057408356795
33.854256398711	35.2278063117217	27.8226106084778	28.1353929196265	37.4160843151997	35.7287001143355
34.1239580733338	35.0503250441442	29.4552359572507	30.0431449068352	29.1207118662829	29.7746524932144
39.8216679921702	37.6594902381759	30.5045056547361	33.0869057123096	32.1397398422525	31.1913214718592
34.5977211415662	34.8781236768525	29.8609647513603	34.3381152917284	32.6586225204157	31.4492195941752
29.2714799923501	28.5104736688078	17.4751897474332	20.318809300123	23.1250526373265	24.7558737550406
43.7709935971243	42.1474738641146	36.9009964866766	38.7025968619847	37.9989337077707	38.1743688022784
35.0214075961829	34.854707336155	26.1853759930072	26.5981003404207	31.1599137823408	28.0343567869938
33.3481000750634	31.7887014048097	28.9647954323449	27.0875957081752	31.1398874911826	31.3183241642772
34.2473848492735	33.6226295665264	26.1872073908453	27.2156121847519	26.2972478018226	27.3972757053916
